# BRON: KONINKLIJK NEDERLANDS METEOROLOGISCH INSTITUUT (KNMI)
# Opmerking: door stationsverplaatsingen en veranderingen in waarneemmethodieken zijn deze tijdreeksen van dagwaarden mogelijk inhomogeen! Dat betekent dat deze reeks van gemeten waarden niet geschikt is voor trendanalyse. Voor studies naar klimaatverandering verwijzen we naar de gehomogeniseerde reeks maandtemperaturen van De Bilt <http://www.knmi.nl/kennis-en-datacentrum/achtergrond/gehomogeniseerde-reeks-maandtemperaturen-de-bilt> of de Centraal Nederland Temperatuur <http://www.knmi.nl/kennis-en-datacentrum/achtergrond/centraal-nederland-temperatuur-cnt>.
# 
# 
# STN      LON(east)   LAT(north)     ALT(m)  NAME
# 260:         5.180       52.100       1.90  DE BILT
# 
# YYYYMMDD = Datum (YYYY=jaar MM=maand DD=dag); 
# RH       = Etmaalsom van de neerslag (in 0.1 mm) (-1 voor <0.05 mm); 
# 
# STN,YYYYMMDD,   RH
# 
  260,20170101,   19
  260,20170102,    5
  260,20170103,    7
  260,20170104,   18
  260,20170105,   -1
  260,20170106,    0
  260,20170107,   52
  260,20170108,    0
  260,20170109,   48
  260,20170110,   38
  260,20170111,    5
  260,20170112,  143
  260,20170113,   96
  260,20170114,   51
  260,20170115,    0
  260,20170116,   -1
  260,20170117,    0
  260,20170118,   -1
  260,20170119,    0
  260,20170120,    0
  260,20170121,    0
  260,20170122,    0
  260,20170123,   -1
  260,20170124,    3
  260,20170125,    0
  260,20170126,    0
  260,20170127,    0
  260,20170128,   -1
  260,20170129,   36
  260,20170130,   65
  260,20170131,    0
  260,20170201,   12
  260,20170202,   10
  260,20170203,    1
  260,20170204,   83
  260,20170205,   -1
  260,20170206,    0
  260,20170207,   25
  260,20170208,    2
  260,20170209,   -1
  260,20170210,    2
  260,20170211,   45
  260,20170212,    3
  260,20170213,    0
  260,20170214,    0
  260,20170215,   -1
  260,20170216,    5
  260,20170217,    6
  260,20170218,    0
  260,20170219,    6
  260,20170220,   53
  260,20170221,    3
  260,20170222,  175
  260,20170223,  145
  260,20170224,    6
  260,20170225,    7
  260,20170226,   21
  260,20170227,  138
  260,20170228,   28
  260,20170301,   35
  260,20170302,   84
  260,20170303,   11
  260,20170304,   61
  260,20170305,   38
  260,20170306,   23
  260,20170307,    1
  260,20170308,  137
  260,20170309,    1
  260,20170310,    0
  260,20170311,    0
  260,20170312,    0
  260,20170313,    0
  260,20170314,    0
  260,20170315,    0
  260,20170316,    0
  260,20170317,   57
  260,20170318,   62
  260,20170319,    2
  260,20170320,   94
  260,20170321,   -1
  260,20170322,    0
  260,20170323,    0
  260,20170324,    0
  260,20170325,    0
  260,20170326,    0
  260,20170327,    0
  260,20170328,    1
  260,20170329,   -1
  260,20170330,    0
  260,20170331,   14
  260,20170401,   -1
  260,20170402,    0
  260,20170403,    0
  260,20170404,    0
  260,20170405,    0
  260,20170406,   -1
  260,20170407,    0
  260,20170408,    0
  260,20170409,    0
  260,20170410,    0
  260,20170411,    0
  260,20170412,    8
  260,20170413,   -1
  260,20170414,   -1
  260,20170415,   34
  260,20170416,   29
  260,20170417,   86
  260,20170418,   -1
  260,20170419,    0
  260,20170420,    0
  260,20170421,    8
  260,20170422,    6
  260,20170423,    1
  260,20170424,   27
  260,20170425,   20
  260,20170426,    3
  260,20170427,    2
  260,20170428,   19
  260,20170429,   -1
  260,20170430,    0
  260,20170501,    9
  260,20170502,   47
  260,20170503,   35
  260,20170504,   -1
  260,20170505,   -1
  260,20170506,    0
  260,20170507,    0
  260,20170508,   -1
  260,20170509,    0
  260,20170510,    0
  260,20170511,    3
  260,20170512,  125
  260,20170513,  100
  260,20170514,   19
  260,20170515,   -1
  260,20170516,   -1
  260,20170517,    0
  260,20170518,    3
  260,20170519,    1
  260,20170520,   12
  260,20170521,    0
  260,20170522,    0
  260,20170523,    0
  260,20170524,    0
  260,20170525,    0
  260,20170526,    0
  260,20170527,    0
  260,20170528,    0
  260,20170529,    3
  260,20170530,    0
  260,20170531,    0
  260,20170601,    0
  260,20170602,    0
  260,20170603,   21
  260,20170604,    0
  260,20170605,    0
  260,20170606,  105
  260,20170607,   51
  260,20170608,    3
  260,20170609,  212
  260,20170610,    0
  260,20170611,   -1
  260,20170612,   -1
  260,20170613,    0
  260,20170614,    0
  260,20170615,    0
  260,20170616,    0
  260,20170617,    0
  260,20170618,    0
  260,20170619,    0
  260,20170620,    0
  260,20170621,    0
  260,20170622,   13
  260,20170623,    0
  260,20170624,   55
  260,20170625,   46
  260,20170626,    0
  260,20170627,   28
  260,20170628,   31
  260,20170629,    1
  260,20170630,   42
  260,20170701,   69
  260,20170702,    6
  260,20170703,   10
  260,20170704,   -1
  260,20170705,    0
  260,20170706,  170
  260,20170707,   -1
  260,20170708,   -1
  260,20170709,    0
  260,20170710,    1
  260,20170711,   33
  260,20170712,  268
  260,20170713,    0
  260,20170714,  176
  260,20170715,   -1
  260,20170716,   12
  260,20170717,   -1
  260,20170718,    0
  260,20170719,    1
  260,20170720,  210
  260,20170721,    0
  260,20170722,   35
  260,20170723,  112
  260,20170724,   25
  260,20170725,   83
  260,20170726,    1
  260,20170727,   -1
  260,20170728,   17
  260,20170729,   76
  260,20170730,   14
  260,20170731,   -1
  260,20170801,    0
  260,20170802,   30
  260,20170803,   17
  260,20170804,    6
  260,20170805,   18
  260,20170806,    0
  260,20170807,    0
  260,20170808,   65
  260,20170809,   -1
  260,20170810,   24
  260,20170811,    2
  260,20170812,   44
  260,20170813,    0
  260,20170814,    0
  260,20170815,   15
  260,20170816,    0
  260,20170817,   23
  260,20170818,   62
  260,20170819,  104
  260,20170820,   -1
  260,20170821,    0
  260,20170822,    0
  260,20170823,    0
  260,20170824,   -1
  260,20170825,    0
  260,20170826,    0
  260,20170827,    0
  260,20170828,    0
  260,20170829,   15
  260,20170830,   88
  260,20170831,   20
  260,20170901,    3
  260,20170902,    0
  260,20170903,    0
  260,20170904,    0
  260,20170905,    6
  260,20170906,   37
  260,20170907,   28
  260,20170908,  172
  260,20170909,  125
  260,20170910,    9
  260,20170911,   95
  260,20170912,    1
  260,20170913,  125
  260,20170914,  207
  260,20170915,   41
  260,20170916,  139
  260,20170917,   -1
  260,20170918,    8
  260,20170919,   -1
  260,20170920,    6
  260,20170921,    0
  260,20170922,    8
  260,20170923,    0
  260,20170924,    0
  260,20170925,    0
  260,20170926,    0
  260,20170927,    0
  260,20170928,   11
  260,20170929,  166
  260,20170930,   24
  260,20171001,   -1
  260,20171002,    6
  260,20171003,   16
  260,20171004,   28
  260,20171005,  252
  260,20171006,   32
  260,20171007,  159
  260,20171008,    1
  260,20171009,  104
  260,20171010,    3
  260,20171011,    2
  260,20171012,    2
  260,20171013,    0
  260,20171014,    0
  260,20171015,    0
  260,20171016,    0
  260,20171017,    0
  260,20171018,    0
  260,20171019,   -1
  260,20171020,   73
  260,20171021,    5
  260,20171022,  132
  260,20171023,    1
  260,20171024,    8
  260,20171025,   -1
  260,20171026,    0
  260,20171027,    4
  260,20171028,   16
  260,20171029,   10
  260,20171030,   -1
  260,20171031,   -1
  260,20171101,    0
  260,20171102,   -1
  260,20171103,    5
  260,20171104,   30
  260,20171105,   48
  260,20171106,    4
  260,20171107,    0
  260,20171108,    0
  260,20171109,   14
  260,20171110,   29
  260,20171111,   37
  260,20171112,   74
  260,20171113,   13
  260,20171114,    4
  260,20171115,   23
  260,20171116,   18
  260,20171117,    0
  260,20171118,   50
  260,20171119,   19
  260,20171120,   97
  260,20171121,   13
  260,20171122,   13
  260,20171123,    8
  260,20171124,   16
  260,20171125,    2
  260,20171126,   57
  260,20171127,  152
  260,20171128,    9
  260,20171129,    1
  260,20171130,    6
  260,20171201,   -1
  260,20171202,   -1
  260,20171203,   20
  260,20171204,   25
  260,20171205,    0
  260,20171206,    0
  260,20171207,   78
  260,20171208,  154
  260,20171209,  125
  260,20171210,  128
  260,20171211,   98
  260,20171212,    5
  260,20171213,  138
  260,20171214,  150
  260,20171215,    2
  260,20171216,   14
  260,20171217,   49
  260,20171218,    8
  260,20171219,   -1
  260,20171220,    3
  260,20171221,    3
  260,20171222,   25
  260,20171223,   -1
  260,20171224,    7
  260,20171225,    4
  260,20171226,   12
  260,20171227,   73
  260,20171228,    7
  260,20171229,   67
  260,20171230,   37
  260,20171231,  393
